Артель,Чеболь
Ангуирел,Дуремар
Аэглос,Дуремар
Волшебные травы,Дуремар
Гномьи Кольца,Дуремар
Гномьи зелья,Дуремар
Дырявый котёл,Дуремар
Зачарованный стол,Дуремар
Изенгард,Дуремар
Кабанья голова,Дуремар
Каша из топора,Дуремар
Колдовские орудия,Дуремар
Колдовские склянки,Дуремар
Кольцо нибелунга,Дуремар
Конёк-Горбунок,Дуремар
Кот Баюн,Дуремар
Магические эликсиры,Дуремар
Морозко джелато,Дуремар
Поцелуй дементора,Дуремар
Сильмариллион,Дуремар
Сладкое королевство,Дуремар
Снадобья Василисы Премудрой,Дуремар
Тайны древних славян,Дуремар
Туды-сюды,Дуремар
Чародейские аксессуары,Дуремар
Чародейские инновации,Дуремар
Шоколадная лягушка,Дуремар
Эликсиры волшебства,Дуремар
Эльфийские Кольца,Дуремар
Яства Лукоморья,Дуремар
Алхимик,Мамонтов
Ангрист,Мамонтов
Баба Яга,Мамонтов
Ведьминские лакомства,Мамонтов
Властелин пиршеств,Мамонтов
Волхование,Мамонтов
Волшебные Кольца Средиземья,Мамонтов
Волшебные инструменты,Мамонтов
Волшебные костыли,Мамонтов
Волшебные перспективы,Мамонтов
Волшебные эликсиры,Мамонтов
Волшебный перекус,Мамонтов
Галеон,Мамонтов
Гондор,Мамонтов
Жар-птица,Мамонтов
Зелья Средиземья,Мамонтов
Камень Эреха,Мамонтов
Колобки,Мамонтов
Кольцо Власти,Мамонтов
Кольцо вкуса,Мамонтов
Магические посохи,Мамонтов
Мирувор,Мамонтов
Нарсил,Мамонтов
Олимпийские кольца,Мамонтов
Орден феникса,Мамонтов
Орки-лекари,Мамонтов
Покорители волшебства,Мамонтов
Репкины кушанья,Мамонтов
Рингиль,Мамонтов
Светлый путь,Мамонтов
Сливочное пиво,Мамонтов
Тайные зелья,Мамонтов
Теремок с котлована,Мамонтов
Три метлы,Мамонтов
Элессар,Мамонтов
Василиса Премудрая Консалтинг,Садко
Гномьи харчи,Садко
Емелина печь,Садко
Жало,Садко
За Тридевять Земель Экспорт,Садко
Заклинатель,Садко
Зелья Асгарда,Садко
Зелья Хогвартса,Садко
Зелья и эликсиры,Садко
Змей Горыныч: Гриль и мясо,Садко
Кольца Людей,Садко
Лотлориэн,Садко
Мордор,Садко
Олливандер,Садко
Орочье питьё,Садко
Палантиры,Садко
Рохан,Садко
Снегурочка Страхование,Садко
Хоббит,Садко
Хогвартский рацион,Садко
Ёлки-палки,Синдбад
Бабки Ёжки,Синдбад
Варево следопыта,Синдбад
Волшебные жезлы,Синдбад
Гуси-Лебеди Дичь на вертелах,Синдбад
Зельевар,Синдбад
Иван Царевич Фудс,Синдбад
КикиМорины разносолы,Синдбад
Колдовские артефакты,Синдбад
Кольца Силы,Синдбад
Кольца Толкина,Синдбад
Лембас,Синдбад
Лешьи провиант,Синдбад
Магические горизонты,Синдбад
Оркрист,Синдбад
Павлинье перо,Синдбад
Репка МММ Финанс,Синдбад
Три медведя Холдинг,Синдбад
Хоббитонские угощения,Синдбад
Чародейка,Синдбад
Эльфийские эликсиры,Синдбад
Эльфийское изобилие,Синдбад
